0 0.879297764827 0.735704553981 0.732628457318
1 0.722454836996 0.716220146898 0.712131580295
2 0.703585470992 0.700907690929 0.695833036644
3 0.688655858193 0.688914050071 0.682897011991
4 0.676869432671 0.6795440234 0.672639417327
5 0.667577014041 0.672237763069 0.664506531011
6 0.660255270695 0.666548765662 0.658054215327
7 0.654486043713 0.662123650289 0.652928778424
8 0.649937525195 0.658684384062 0.64885008319
9 0.646347805491 0.656013173653 0.645597116831
10 0.643510929444 0.653939944734 0.64299596635
11 0.641265354453 0.652332163066 0.640909987622
12 0.639484566213 0.651086677735 0.639231882949
13 0.638069551148 0.650123254795 0.63787738532
14 0.636942818802 0.649379491505 0.636780263659
15 0.636043690184 0.648806839303 0.635888395614
16 0.635324603742 0.648367506354 0.635160692187
17 0.634748229917 0.648032051674 0.634564695881
18 0.634285222744 0.647777519564 0.634074707827
19 0.633912470327 0.64758599425 0.633670328408
20 0.633611734328 0.647443480354 0.633335320106
21 0.63336859192 0.647339035498 0.633056720911
22 0.633171612527 0.647264097828 0.632824152386
23 0.63301171663 0.647211964132 0.632629278876
24 0.632881675722 0.647177384372 0.632465384134
25 0.632775721753 0.647156246206 0.632327039205
26 0.632689241534 0.647145329168 0.632209841332
27 0.632618537167 0.647142112827 0.632110208219
28 0.632560637849 0.647144626815 0.632025215493
29 0.632513151706 0.647151333402 0.631952467974
30 0.632474148882 0.647161035402 0.631889997434
31 0.632442069092 0.647172803821 0.631836181176
32 0.632415648329 0.647185920942 0.631789677
33 0.632393860641 0.647199835473 0.631749371121
34 0.632375871758 0.647214127168 0.631714336322
35 0.632361002079 0.647228478874 0.631683798252
36 0.63234869706 0.647242654432 0.631657108185
37 0.632338503471 0.647256481191 0.631633720951
38 0.632330050314 0.647269836154 0.631613176999
39 0.632323033459 0.647282635009 0.631595087776
40 0.632317203243 0.647294823441 0.631579123778
41 0.632312354445 0.647306370244 0.631565004753
42 0.632308318163 0.647317261879 0.63155249165
43 0.632304955217 0.647327498162 0.63154137998
44 0.632302150794 0.64733708887 0.63153149433
45 0.632299810074 0.64734605106 0.631522683816
46 0.632297854671 0.647354406972 0.631514818304
47 0.632296219722 0.647362182384 0.631507785257
48 0.632294851502 0.647369405331 0.63150148711
49 0.632293705472 0.647376105121 0.631495839062
50 0.632292744677 0.647382311577 0.631490767226
51 0.632291938432 0.64738805446 0.631486207072
52 0.632291261232 0.647393363044 0.631482102108
53 0.632290691868 0.647398265801 0.631478402774
54 0.632290212685 0.647402790175 0.631475065489
55 0.632289808978 0.647406962436 0.631472051856
56 0.632289468491 0.647410807576 0.631469327971
57 0.632289181001 0.647414349259 0.631466863843
58 0.632288937975 0.647417609799 0.631464632891
59 0.632288732286 0.647420610165 0.631462611513
60 0.632288557975 0.647423370002 0.631460778717
61 0.632288410061 0.647425907671 0.631459115801
62 0.632288284372 0.647428240292 0.631457606079
63 0.632288177415 0.647430383799 0.631456234637
64 0.632288086263 0.647432352997 0.631454988129
65 0.632288008459 0.647434161622 0.631453854595
66 0.632287941941 0.647435822404 0.631452823305
67 0.632287884977 0.647437347122 0.631451884617
68 0.63228783611 0.647438746671 0.631451029859
69 0.632287794114 0.647440031113 0.631450251223
70 0.632287757958 0.647441209737 0.631449541671
71 0.63228772677 0.647442291113 0.631448894853
72 0.632287699816 0.647443283139 0.631448305033
73 0.632287676476 0.647444193092 0.631447767029
74 0.632287656225 0.647445027674 0.631447276152
75 0.632287638618 0.647445793054 0.631446828156
76 0.63228762328 0.647446494907 0.631446419195
77 0.63228760989 0.647447138452 0.631446045783
78 0.632287598177 0.647447728489 0.631445704757
79 0.63228758791 0.647448269428 0.631445393245
80 0.632287578893 0.647448765322 0.63144510864
81 0.632287570957 0.647449219895 0.631444848572
82 0.632287563959 0.647449636567 0.631444610886
83 0.632287557776 0.647450018478 0.631444393622
84 0.632287552303 0.647450368511 0.631444194998
85 0.632287547448 0.647450689311 0.631444013388
86 0.632287543135 0.647450983308 0.631443847316
87 0.632287539296 0.647451252731 0.631443695433
88 0.632287535874 0.647451499624 0.631443556512
89 0.632287532818 0.647451725863 0.631443429432
90 0.632287530084 0.64745193317 0.631443313174
91 0.632287527635 0.647452123122 0.631443206806
92 0.632287525439 0.647452297168 0.631443109478
93 0.632287523466 0.647452456635 0.631443020415
94 0.632287521692 0.64745260274 0.631442938909
95 0.632287520094 0.6474527366 0.631442864312
96 0.632287518653 0.647452859238 0.631442796036
97 0.632287517353 0.647452971592 0.63144273354
98 0.632287516179 0.647453074523 0.631442676331
99 0.632287515117 0.647453168818 0.631442623961
