0 0.904617196398 0.607811265397 0.597846757323
1 0.586469484815 0.589917755908 0.577334298103
2 0.577811973185 0.585389470178 0.572279969346
3 0.574169884391 0.582792049777 0.569423077926
4 0.572094312411 0.581279297395 0.567745973743
5 0.570874842867 0.580370386925 0.566726488706
6 0.570127612103 0.579798015866 0.566077255151
7 0.56964295583 0.579415393354 0.565639666128
8 0.569306414024 0.579141845556 0.565325767485
9 0.569055365868 0.578932809053 0.56508639622
10 0.568855386686 0.578763453136 0.564893746907
11 0.568687395781 0.578619759273 0.564731832538
12 0.568540677546 0.578493660872 0.564591255117
13 0.568409091812 0.578380391001 0.564466328651
14 0.568289014359 0.57827703095 0.564353487883
15 0.568178215987 0.578181712555 0.564250401663
16 0.5680752509 0.578093177104 0.564155474036
17 0.567979121746 0.578010529261 0.564067559827
18 0.567889095102 0.577933098073 0.563985799791
19 0.567804598947 0.577860357107 0.563909523054
20 0.567725164932 0.57779187749 0.563838187882
21 0.567650395239 0.577727299466 0.563771344661
22 0.567579943013 0.577666314534 0.563708611977
23 0.56751350036 0.577608653747 0.563649660612
24 0.567450790641 0.577554079718 0.563594202468
25 0.567391563217 0.577502380885 0.563541982621
26 0.567335589679 0.577453367268 0.56349277347
27 0.567282660985 0.57740686719 0.563446370284
28 0.567232585175 0.577362724686 0.563402587752
29 0.567185185507 0.577320797415 0.563361257249
30 0.56714029887 0.577280954941 0.563322224631
31 0.567097774425 0.577243077293 0.563285348432
32 0.567057472426 0.57720705377 0.563250498367
33 0.56701926318 0.577172781913 0.563217554089
34 0.566983026127 0.57714016663 0.563186404123
35 0.566948649035 0.57710911945 0.563156944968
36 0.566916027266 0.577079557871 0.563129080316
37 0.566885063138 0.577051404794 0.563102720382
38 0.566855665339 0.577024588034 0.563077781316
39 0.566827748414 0.576999039884 0.563054184683
40 0.566801232296 0.576974696739 0.563031857015
41 0.566776041885 0.576951498757 0.563010729403
42 0.566752106667 0.576929389559 0.562990737137
43 0.566729360375 0.576908315967 0.562971819388
44 0.566707740672 0.576888227761 0.562953918916
45 0.566687188876 0.57686907747 0.562936981811
46 0.566667649692 0.576850820174 0.562920957255
47 0.566649070988 0.576833413337 0.562905797313
48 0.566631403575 0.576816816642 0.562891456733
49 0.566614601011 0.576800991853 0.56287789277
50 0.566598619423 0.576785902681 0.562865065027
51 0.56658341734 0.576771514665 0.562852935299
52 0.566568955544 0.576757795063 0.562841467444
53 0.566555196925 0.57674471275 0.562830627249
54 0.566542106356 0.576732238126 0.562820382318
55 0.56652965057 0.576720343027 0.562810701966
56 0.566517798052 0.57670900065 0.56280155711
57 0.566506518933 0.576698185475 0.562792920188
58 0.566495784897 0.576687873197 0.562784765063
59 0.566485569089 0.576678040663 0.562777066949
60 0.566475846036 0.576668665811 0.562769802331
61 0.566466591565 0.576659727615 0.562762948898
62 0.566457782736 0.57665120603 0.562756485478
63 0.566449397768 0.576643081944 0.562750391974
64 0.566441415981 0.576635337134 0.562744649308
65 0.566433817733 0.576627954219 0.562739239365
66 0.566426584368 0.576620916618 0.562734144948
67 0.56641969816 0.576614208516 0.562729349722
68 0.566413142266 0.576607814824 0.562724838174
69 0.566406900678 0.576601721144 0.562720595571
70 0.566400958181 0.576595913738 0.562716607917
71 0.566395300311 0.576590379494 0.562712861918
72 0.566389913317 0.576585105901 0.562709344946
73 0.566384784125 0.576580081017 0.562706045002
74 0.5663799003 0.576575293444 0.56270295069
75 0.566375250018 0.576570732304 0.562700051181
76 0.566370822031 0.576566387213 0.562697336189
77 0.566366605644 0.576562248259 0.562694795941
78 0.566362590678 0.576558305981 0.562692421153
79 0.566358767453 0.576554551348 0.562690203006
80 0.566355126758 0.576550975738 0.56268813312
81 0.56635165983 0.576547570921 0.562686203536
82 0.566348358331 0.576544329042 0.562684406695
83 0.566345214325 0.5765412426 0.562682735414
84 0.566342220262 0.576538304437 0.562681182874
85 0.566339368956 0.576535507719 0.562679742595
86 0.56633665357 0.576532845922 0.562678408425
87 0.566334067594 0.576530312819 0.562677174522
88 0.566331604833 0.576527902465 0.562676035338
89 0.566329259393 0.576525609187 0.562674985605
90 0.56632702566 0.576523427568 0.562674020321
91 0.566324898292 0.576521352437 0.562673134741
92 0.566322872205 0.576519378859 0.562672324355
93 0.566320942559 0.576517502125 0.562671584887
94 0.566319104744 0.576515717737 0.562670912278
95 0.566317354374 0.576514021404 0.562670302674
96 0.566315687274 0.576512409031 0.56266975242
97 0.566314099468 0.576510876708 0.56266925805
98 0.566312587169 0.576509420703 0.562668816272
99 0.566311146776 0.576508037456 0.562668423968
