-1.95 0.560987732471
-1.9 0.56098770993
-1.85 0.560987687988
-1.8 0.560987666644
-1.75 0.560987645898
-1.7 0.560987625749
-1.65 0.560987606195
-1.6 0.560987587237
-1.55 0.560987568873
-1.5 0.560987551103
-1.45 0.560987533926
-1.4 0.560987517342
-1.35 0.560987501349
-1.3 0.560987485947
-1.25 0.560987471136
-1.2 0.560987456914
-1.15 0.56098744328
-1.1 0.560987430235
-1.05 0.560987417777
-1.0 0.560987405906
-0.95 0.560987394621
-0.9 0.560987383921
-0.85 0.560987373806
-0.8 0.560987364274
-0.75 0.560987355326
-0.7 0.56098734696
-0.65 0.560987339175
-0.6 0.560987331972
-0.55 0.560987325349
-0.5 0.560987319305
-0.45 0.560987313841
-0.4 0.560987308954
-0.35 0.560987304645
-0.3 0.560987300913
-0.25 0.560987297757
-0.2 0.560987295176
-0.15 0.56098729317
-0.1 0.560987291738
-0.05 0.56098729088
1.20736753928e-15 0.560987290594
0.05 0.560987290879
0.1 0.560987291737
0.15 0.560987293164
0.2 0.560987295162
0.25 0.560987297728
0.3 0.560987300863
0.35 0.560987304566
0.4 0.560987308836
0.45 0.560987313672
0.5 0.560987319074
0.55 0.560987325041
0.6 0.560987331573
0.65 0.560987338668
0.7 0.560987346326
0.75 0.560987354547
0.8 0.560987363329
0.85 0.560987372672
0.9 0.560987382575
0.95 0.560987393038
1.0 0.560987404059
1.05 0.560987415639
1.1 0.560987427777
1.15 0.560987440472
1.2 0.560987453722
1.25 0.560987467529
1.3 0.56098748189
1.35 0.560987496805
1.4 0.560987512274
1.45 0.560987528296
1.5 0.56098754487
1.55 0.560987561995
1.6 0.560987579672
1.65 0.560987597898
1.7 0.560987616675
1.75 0.560987636
1.8 0.560987655873
1.85 0.560987676294
1.9 0.560987697262
1.95 0.560987718776
2.0 0.560987740835
2.05 0.56098776344
2.1 0.560987786589
2.15 0.560987810281
2.2 0.560987834517
2.25 0.560987859294
2.3 0.560987884614
2.35 0.560987910474
2.4 0.560987936875
2.45 0.560987963815
2.5 0.560987991295
2.55 0.560988019313
2.6 0.560988047868
2.65 0.560988076961
2.7 0.56098810659
2.75 0.560988136755
2.8 0.560988167455
2.85 0.56098819869
2.9 0.560988230459
2.95 0.560988262761
3.0 0.560988295595
