-1.95 0.63173759364
-1.9 0.631735563403
-1.85 0.631733588645
-1.8 0.631731669214
-1.75 0.63172980496
-1.7 0.631727995731
-1.65 0.631726241378
-1.6 0.631724541751
-1.55 0.6317228967
-1.5 0.631721306076
-1.45 0.631719769732
-1.4 0.631718287518
-1.35 0.631716859288
-1.3 0.631715484893
-1.25 0.631714164188
-1.2 0.631712897025
-1.15 0.631711683259
-1.1 0.631710522744
-1.05 0.631709415335
-1.0 0.631708360887
-0.95 0.631707359255
-0.9 0.631706410296
-0.85 0.631705513866
-0.8 0.631704669821
-0.75 0.631703878019
-0.7 0.631703138318
-0.65 0.631702450575
-0.6 0.63170181465
-0.55 0.631701230399
-0.5 0.631700697684
-0.45 0.631700216363
-0.4 0.631699786296
-0.35 0.631699407343
-0.3 0.631699079367
-0.25 0.631698802226
-0.2 0.631698575783
-0.15 0.631698399901
-0.1 0.63169827444
-0.05 0.631698199264
1.20736753928e-15 0.631698174236
0.05 0.631698199218
0.1 0.631698274076
0.15 0.631698398673
0.2 0.631698572873
0.25 0.631698796542
0.3 0.631699069545
0.35 0.631699391747
0.4 0.631699763014
0.45 0.631700183213
0.5 0.631700652211
0.55 0.631701169875
0.6 0.631701736072
0.65 0.631702350669
0.7 0.631703013536
0.75 0.631703724541
0.8 0.631704483553
0.85 0.631705290441
0.9 0.631706145075
0.95 0.631707047324
1.0 0.63170799706
1.05 0.631708994152
1.1 0.631710038473
1.15 0.631711129893
1.2 0.631712268284
1.25 0.631713453519
1.3 0.631714685469
1.35 0.631715964009
1.4 0.63171728901
1.45 0.631718660347
1.5 0.631720077894
1.55 0.631721541524
1.6 0.631723051112
1.65 0.631724606533
1.7 0.631726207663
1.75 0.631727854377
1.8 0.631729546551
1.85 0.631731284061
1.9 0.631733066785
1.95 0.631734894598
2.0 0.631736767378
2.05 0.631738685003
2.1 0.631740647351
2.15 0.6317426543
2.2 0.631744705729
2.25 0.631746801516
2.3 0.631748941542
2.35 0.631751125685
2.4 0.631753353826
2.45 0.631755625844
2.5 0.631757941621
2.55 0.631760301038
2.6 0.631762703975
2.65 0.631765150314
2.7 0.631767639938
2.75 0.631770172728
2.8 0.631772748566
2.85 0.631775367337
2.9 0.631778028922
2.95 0.631780733206
3.0 0.631783480072
