1 0.594509827953 0.609123871965 0.591725712041
2 0.650827887494 0.665888202467 0.645848411986
3 0.613427621583 0.627759704583 0.607877437354
4 0.601773176323 0.61356578725 0.595821208123
5 0.594074104074 0.604789213769 0.58736384556
6 0.58791077459 0.601137621297 0.581152436195
7 0.588102703861 0.600628303009 0.580879305884
8 0.58248876671 0.593927385333 0.57552510444
9 0.576034282414 0.587665935647 0.570055762428
10 0.57545291873 0.587552558373 0.569713677507
11 0.574588680723 0.58674657424 0.569257304437
12 0.573406161752 0.585306985252 0.568330202922
13 0.571844998826 0.58351002721 0.567741874033
14 0.570682810375 0.582258920171 0.566857521002
15 0.568055668583 0.578579067658 0.563863463737
16 0.570134333865 0.581624930026 0.566361805382
17 0.561256639159 0.570748132693 0.5566124854
18 0.560883472494 0.571008932809 0.557491028245
19 0.559571310522 0.569663727186 0.556157356981
20 0.559401607082 0.56914704988 0.555345300786
21 0.557382708997 0.567402763357 0.555580338779
22 0.558291123329 0.568241020854 0.555299886233
23 0.556693925641 0.566696057932 0.554558293206
24 0.553547658234 0.563034556748 0.552629786748
25 0.553744245602 0.563675007705 0.553152240676
26 0.553652611289 0.562267053771 0.552489310039
27 0.553430695913 0.563367476752 0.552840967686
28 0.553557355855 0.56330425941 0.552646772851
29 0.552677602924 0.562162975265 0.551867155294
30 0.550865869649 0.559431908713 0.549974489152
31 0.551980391433 0.560672614429 0.551731339978
32 0.551658707485 0.560933214349 0.550756172825
33 0.551714555667 0.560303731341 0.551162796584
34 0.552556275893 0.56149821541 0.551052229551
35 0.550021979292 0.559016592068 0.549241699946
36 0.549527870522 0.558678630601 0.548770788261
37 0.550571109375 0.559197038365 0.55019388838
38 0.54933504642 0.558123520298 0.54853040716
39 0.549055247823 0.558086406424 0.548693313936
40 0.549120042222 0.557927109564 0.548682429226
41 0.549162081367 0.558160421252 0.548385908866
42 0.549314081892 0.557751402564 0.548465039821
43 0.548506586522 0.557008282539 0.547761929682
44 0.548749076129 0.557607554618 0.548111010576
45 0.548410214274 0.557150188052 0.548127053348
46 0.548043842983 0.556817628767 0.547740179166
47 0.548879891298 0.557475434807 0.548330970326
48 0.548176091722 0.556624179876 0.547436536928
49 0.547785270128 0.556365025159 0.54728849391
50 0.548190402653 0.556860071846 0.547961154959
