1 0.758028371243 0.758849962696 0.757342199951
2 0.747904129563 0.746684646148 0.745189151234
3 0.731136941817 0.733145474008 0.731811734255
4 0.708674572579 0.71137824362 0.713522893856
5 0.680802684018 0.689216812888 0.685685077764
6 0.663481308459 0.675585096977 0.667165527338
7 0.665018496875 0.676061813861 0.668728603908
8 0.630467174991 0.643780815885 0.632305015232
9 0.631226779166 0.644103664707 0.63157438387
10 0.631698174236 0.647140988969 0.631581936135
11 0.614538371735 0.62840406055 0.612988386897
12 0.614818494159 0.627670272916 0.613885976473
13 0.615089077628 0.626074705362 0.613888503337
14 0.61444227298 0.627071971618 0.614560374614
15 0.612840970294 0.625887797115 0.615754870696
16 0.611332823162 0.623509615606 0.610962195089
17 0.613908609304 0.627015429578 0.614103043202
18 0.610938832863 0.623510332644 0.610196140421
19 0.608878300723 0.622225862976 0.607263179214
20 0.611249976867 0.625236981576 0.613267086957
21 0.610326440539 0.622894691691 0.612198371567
22 0.609935695737 0.622664259307 0.611234652223
23 0.607641653117 0.621091062453 0.60985849183
24 0.609300151941 0.623463448688 0.612000064429
25 0.610420113398 0.622020035011 0.609523776331
26 0.606662949215 0.621244217997 0.609833549761
27 0.612124996585 0.623102536084 0.612248399483
28 0.608903118252 0.622108604253 0.610410668205
29 0.606388036302 0.622762551466 0.607480888146
30 0.607391349858 0.621961344137 0.611064683003
31 0.605862789393 0.617994766629 0.608027183801
32 0.607771339468 0.621711530518 0.609130195196
33 0.60827157308 0.620614237399 0.610111594748
34 0.603407538424 0.61708900157 0.606184662764
35 0.605318201472 0.618141186289 0.607142669867
36 0.604509634008 0.619004927829 0.608795078655
37 0.604434942623 0.622597930808 0.608059257482
38 0.603829809873 0.616857129588 0.605910643148
39 0.602170762965 0.616842838687 0.602142419165
40 0.604307277257 0.619851322311 0.605694969154
41 0.602928848232 0.619178529414 0.608213778478
42 0.605324221876 0.61641383027 0.606438645716
43 0.600329932662 0.616280754619 0.604776463635
44 0.604553653063 0.617534873129 0.60430280318
45 0.599559052206 0.617207720616 0.606749334574
46 0.600191576348 0.617507933794 0.604116368708
47 0.601255117642 0.616502852846 0.604715526385
48 0.598526086857 0.612578729894 0.602562949744
49 0.599580939278 0.614594173093 0.601398103399
50 0.599814743366 0.615984841277 0.604911383776
